x;y
-4.2847559;55.8815785
-4.285706;55.8808244
-4.2846277;55.8803987
-4.2875614;55.8789024
-4.2899144;55.8778951
-4.2907834;55.8774888
-4.2929855;55.8782539

-4.2936832;55.87762
-4.2938116;55.8775039
-4.2956318;55.8782134
-4.2973012;55.8779177
-4.2972918;55.8777792
-4.2978041;55.8773579
-4.2965756;55.8769208
-4.2963678;55.8767079
-4.2969444;55.8769096
-4.2976134;55.8762936
-4.2982779;55.8757319
-4.2985008;55.8766039
-4.2993383;55.874472
-4.3004887;55.8742393
-4.3015122;55.8740454
-4.3017121;55.8736805
-4.3019588;55.8739047
-4.3068767;55.8741921
-4.3068311;55.8745218
-4.3074681;55.8746555
-4.3081613;55.874797
-4.3094717;55.8746141
-4.3093751;55.8745382
-4.310393;55.8735408
-4.309701;55.871442
-4.3086138;55.8714858

x,y
55.8815785,-4.2847559
55.8808244,-4.285706
55.8803987,-4.2846277
55.8789024,-4.2875614
55.8778951,-4.2899144
55.8774888,-4.2907834
55.8782539,-4.2929855
55.87762,-4.2936832
55.8775039,-4.2938116
55.8782134,-4.2956318
55.8779177,-4.2973012
55.8777792,-4.2972918
55.8773579,-4.2978041
55.8769208,-4.2965756
55.8767079,-4.2963678
55.8769096,-4.2969444
55.8762936,-4.2976134
55.8757319,-4.2982779
55.8766039,-4.2985008
55.874472,-4.2993383
55.8742393,-4.3004887
55.8740454,-4.3015122
55.8736805,-4.3017121
55.8739047,-4.3019588
55.8741921,-4.3068767
55.8745218,-4.3068311
55.8746555,-4.3074681
55.874797,-4.3081613
55.8746141,-4.3094717
55.8745382,-4.3093751
55.8735408,-4.310393
55.871442,-4.309701
55.8714858,-4.3086138



DD -> DDM

N55° 52.89472 W4° 17.08535
N55° 52.84947 W4° 17.14237
N55° 52.82392 W4° 17.07767
N55° 52.73415 W4° 17.25368
N55° 52.6737 W4° 17.39487
N55° 52.64933 W4° 17.447
N55° 52.69523 W4° 17.57913
N55° 52.6572 W4° 17.621
N55° 52.65023 W4° 17.6287
N55° 52.6928 W4° 17.7379
N55° 52.67507 W4° 17.83807
N55° 52.66675 W4° 17.8375
N55° 52.64147 W4° 17.86825
N55° 52.61525 W4° 17.79453
N55° 52.60247 W4° 17.78207
N55° 52.61458 W4° 17.81667
N55° 52.57762 W4° 17.8568
N55° 52.54392 W4° 17.89667
N55° 52.59623 W4° 17.91005
N55° 52.46832 W4° 17.9603
N55° 52.45435 W4° 18.02932
N55° 52.44272 W4° 18.09073
N55° 52.42083 W4° 18.10273
N55° 52.43428 W4° 18.11753
N55° 52.45153 W4° 18.4126
N55° 52.4713 W4° 18.40987
N55° 52.47933 W4° 18.44808
N55° 52.48782 W4° 18.48968
N55° 52.47685 W4° 18.5683
N55° 52.4723 W4° 18.5625
N55° 52.41245 W4° 18.62358
N55° 52.28652 W4° 18.58207
N55° 52.28915 W4° 18.51683
